2.640261260399363874e-02 -2.752178476810529517e-02 -2.547233167173472701e-01
-4.175228809998344781e-01 -1.611100945500041348e-01 7.026390511912079972e+00
-4.175228809998344781e-01 -1.611100945500041348e-01 7.026390511912079972e+00
-3.625696641570075873e-01 -4.260496762418004124e+00 7.404570554759922985e+00
-3.693279942830781093e-01 3.132084864444757422e+00 3.793959459828329717e+00
-3.796662860980105636e-01 4.035819658828748047e+00 2.891217088040147321e+00
-3.282930309440455496e-01 -6.552413841518022863e+00 5.977265854031402981e+00
-3.386313227589780595e-01 -5.648679047134033127e+00 5.074523482243220585e+00
-3.353695649908134957e-01 -5.229391743082082655e+00 9.389916661501538364e-01
-3.353695649908134957e-01 -5.229391743082082655e+00 9.389916661501538364e-01
-3.279748270233481811e-01 -4.828543130912024139e-01 7.404928946981057081e+00
-3.383131188382806354e-01 4.208804812927873229e-01 6.502186575192874685e+00
-3.350513610701160716e-01 8.401677853447377942e-01 2.366654759099809713e+00
-3.486514106532130897e-01 1.324615275676777060e+00 5.599444203404692288e+00
-3.453896528850485814e-01 1.743902579728728419e+00 1.463912387311627317e+00
-3.076164473141806410e-01 -8.359883430286002337e+00 7.782750597607767773e+00
-3.043546895460160773e-01 -7.940596126234051866e+00 3.647218781514700137e+00
-3.179547391291130953e-01 -7.456148635902012600e+00 6.880008225819585377e+00
-3.146929813609485871e-01 -7.036861331850062129e+00 2.744476409726517740e+00
-3.114312235927840233e-01 -6.617574027798111658e+00 -1.391055406366548564e+00
-3.250312731758810414e-01 -6.133126537466072392e+00 1.841734037938335344e+00
-3.217695154077165332e-01 -5.713839233414120145e+00 -2.293797778154730960e+00
-2.936981938103861434e-01 -2.774771392191222930e+00 5.977624246252537077e+00
-3.072982433934832169e-01 -2.290323901859183664e+00 9.210413690557421873e+00
-3.495226330843494433e-01 -2.583347546210198686e+00 -9.137556709612344008e+00
-2.904364360422216351e-01 -2.355484088139270682e+00 1.842092430159469441e+00
-3.040364856253186532e-01 -1.871036597807231416e+00 5.074881874464354681e+00
-3.007747278571541449e-01 -1.451749293755280945e+00 9.393500583712870444e-01
-3.143747774402511630e-01 -9.673018034232416795e-01 4.172139502676174061e+00
-3.111130196720865992e-01 -5.480144993712912083e-01 3.660768658310553647e-02
-3.279748270233481811e-01 -4.828543130912024139e-01 7.404928946981057081e+00
-3.247130692551836173e-01 -6.356700903925194268e-02 3.269397130887991221e+00
-3.140565735195537389e-01 5.102257725003577882e+00 5.599802595625828161e+00
-3.107948157513891752e-01 5.521545029055529241e+00 1.464270779532761413e+00
-3.243948653344861932e-01 6.005992519387568507e+00 4.697060223837645765e+00
-3.075330579832246669e-01 5.940832333107480601e+00 -2.671261036560305779e+00
-3.211331075663216850e-01 6.425279823439518978e+00 5.615284077445790167e-01
-3.347331571494187030e-01 6.909727313771558244e+00 3.794317852049463813e+00
-3.178713497981571212e-01 6.844567127491471226e+00 -3.574003408348488176e+00
-3.178713497981571212e-01 6.844567127491471226e+00 -3.574003408348488176e+00
-3.314713993812541393e-01 7.329014617823509603e+00 -3.412139640436016030e-01
-2.940163977310836230e-01 -8.844330920618041603e+00 4.549961153302881200e+00
-2.907546399629191147e-01 -8.425043616566091131e+00 4.144293372098153405e-01
-3.010929317778515690e-01 -7.521308822182101395e+00 -4.883130345783670556e-01
-2.978311740096870608e-01 -7.102021518130149147e+00 -4.623844850671433804e+00
-3.081694658246195151e-01 -6.198286723746159410e+00 -5.526587222459616200e+00
-2.594215605974242167e-01 -5.066688471291241669e+00 4.550319545524015297e+00
-2.730216101805212348e-01 -4.582240980959202403e+00 7.783108989828901869e+00
-2.697598524123566710e-01 -4.162953676907251932e+00 3.647577173735833345e+00
-2.833599019954537446e-01 -3.678506186575212666e+00 6.880366618040719473e+00
-2.664980946441921628e-01 -3.743666372855299684e+00 -4.879546423572329594e-01
-2.800981442272891808e-01 -3.259218882523260419e+00 2.744834801947650949e+00
-2.768363864591246171e-01 -2.839931578471309948e+00 -1.390697014145415356e+00
-2.871746782740571269e-01 -1.936196784087320211e+00 -2.293439385933596864e+00
-2.694416484916592469e-01 1.906605851519568517e+00 5.075240266685488777e+00
-2.797799403065917567e-01 2.810340645903558254e+00 4.172497894897308157e+00
-2.933799898896887748e-01 3.294788136235597520e+00 7.405287339202191177e+00
-2.765181825384271930e-01 3.229627949955510058e+00 3.696607880423963266e-02
-2.901182321215242665e-01 3.714075440287548879e+00 3.269755523109126205e+00
-2.732564247702626847e-01 3.648915254007460973e+00 -4.098565737288828004e+00
-3.037182817046212846e-01 4.198522930619587257e+00 6.502544967414008781e+00
-2.868564743533597028e-01 4.133362744339500239e+00 -8.657762929839427635e-01
-2.699946670020981765e-01 4.068202558059413221e+00 -8.234097553381893420e+00
-3.004565239364566653e-01 4.617810234671539504e+00 2.367013151320943809e+00
-2.835947165851951390e-01 4.552650048391451598e+00 -5.001308109077008623e+00
-2.971947661682921571e-01 5.037097538723489976e+00 -1.768518664772125160e+00
-2.804163481479866049e-01 -9.328778410950080868e+00 1.317171708997997737e+00
-2.771545903798220967e-01 -8.909491106898130397e+00 -2.818360107095069456e+00
-2.874928821947545510e-01 -8.005756312514140660e+00 -3.721102478883250964e+00
-2.387449769675592526e-01 -6.874158060059222919e+00 6.355804289100378313e+00
-2.945694162415224970e-01 -6.682734214078198676e+00 -8.759376666764500996e+00
-2.354832191993947443e-01 -6.454870756007270671e+00 2.220272473007313341e+00
-2.490832687824917624e-01 -5.970423265675231406e+00 5.453061917312197693e+00
-2.626833183655887249e-01 -5.485975775343193916e+00 8.685851361617084265e+00
-2.458215110143271986e-01 -5.551135961623280934e+00 1.317530101219130945e+00
-2.561598028292597085e-01 -4.647401167239289421e+00 4.147877294309485485e-01
-2.528980450610951447e-01 -4.228113863187338950e+00 -3.720744086662117756e+00
-2.632363368760276545e-01 -3.324379068803349213e+00 -4.623486458450299708e+00
-2.735746286909601088e-01 -2.420644274419358588e+00 -5.526228830238482104e+00
-2.351650152786973202e-01 -3.853112275804502218e-01 3.647935565956968329e+00
-2.487650648617943383e-01 9.913626275158815560e-02 6.880725010261853569e+00
-2.319032575105328120e-01 3.397607647150024945e-02 -4.875962501360988632e-01
-2.455033070936297745e-01 5.184235668035395150e-01 2.745193194168785933e+00
-2.591033566767267926e-01 1.002871057135578781e+00 5.977982638473671173e+00
-2.422415493254652663e-01 9.377108708554908745e-01 -1.390338621924280371e+00
-2.558415989085622844e-01 1.422158361187529252e+00 1.842450822380603537e+00
-2.525798411403977206e-01 1.841445665239481055e+00 -2.293080993712462767e+00
-2.661798907234947387e-01 2.325893155571519877e+00 9.397084505924220288e-01
-2.493180833722332124e-01 2.260732969291431971e+00 -6.428612809805530404e+00
-2.629181329553302304e-01 2.745180459623471236e+00 -3.195823365500645163e+00
-2.596563751871656667e-01 3.164467763675422596e+00 -7.331355181593711023e+00
-2.658616868027973701e-01 8.395452683998339438e+00 2.367371543542077905e+00
-2.625999290346328063e-01 8.814739988050291686e+00 -1.768160272550991063e+00
-2.658616868027973701e-01 8.395452683998339438e+00 2.367371543542077905e+00
-2.761999786177297689e-01 9.299187478382330951e+00 1.464629171753895509e+00
-2.148066355695297802e-01 -8.262340344775251921e+00 4.025757216583677689e+00
-2.284066851526267983e-01 -7.777892854443212656e+00 7.258546660888560709e+00
-2.251449273844622900e-01 -7.358605550391260408e+00 3.123014844795495737e+00
-2.218831696162977263e-01 -6.939318246339309937e+00 -1.012516971297571455e+00
-2.322214614312301806e-01 -6.035583451955318424e+00 -1.915259343085753851e+00
-2.425597532461626904e-01 -5.131848657571328687e+00 -2.818001714873935359e+00
-2.392979954779981822e-01 -4.712561353519378216e+00 -6.953533530967002108e+00
-2.496362872929306365e-01 -3.808826559135387591e+00 -7.856275902755184504e+00
-2.041501398338999018e-01 -3.096515610732421209e+00 6.356162681321514185e+00
-2.360362377098336184e-01 -4.293274049467425968e+00 -1.108906534706007108e+01
-2.144884316488323561e-01 -2.192780816348431472e+00 5.453420309533331789e+00
-2.280884812319293742e-01 -1.708333326016392206e+00 8.686209753838218361e+00
-2.112266738806677924e-01 -1.773493512296479224e+00 1.317888493440265929e+00
-2.248267234637648104e-01 -1.289046021964440847e+00 4.550677937745149393e+00
-2.384267730468618285e-01 -8.045985316324024694e-01 7.783467382050035965e+00
-2.215649656956003022e-01 -8.697587179124894874e-01 4.151461216520835329e-01
-2.183032079274357939e-01 -4.504714138605381279e-01 -3.720385694440982771e+00
-2.286414997423682482e-01 4.532633805234520530e-01 -4.623128066229165611e+00
-2.253797419742036845e-01 8.725506845754029683e-01 -8.758659882322232804e+00
-2.389797915573007026e-01 1.356998174907442234e+00 -5.525870438017348008e+00
-2.212467617749028781e-01 5.199800810514330962e+00 1.842809214601738521e+00
-2.348468113579998962e-01 5.684248300846369339e+00 5.075598658906622873e+00
-2.179850040067383699e-01 5.619088114566281433e+00 -2.292722601491328671e+00
-2.315850535898353879e-01 6.103535604898320699e+00 9.400668428135561250e-01
-2.451851031729323505e-01 6.587983095230359964e+00 4.172856287118442253e+00
-2.283232958216708242e-01 6.522822908950272058e+00 -3.195464973279511067e+00
-2.419233454047678422e-01 7.007270399282310436e+00 3.732447102537372885e-02
-2.555233949878648603e-01 7.491717889614349701e+00 3.270113915330260301e+00
-2.386615876366033340e-01 7.426557703334262683e+00 -4.098207345067693907e+00
-2.522616372197002965e-01 7.911005193666300173e+00 -8.654179007628086673e-01
-2.044683437545973259e-01 -9.166075139159241658e+00 4.928499588371858309e+00
-2.012065859864327622e-01 -8.746787835107289411e+00 7.929677722787933369e-01
-2.115448778013652720e-01 -7.843053040723299674e+00 -1.097745995093890592e-01
-2.082831200332007082e-01 -7.423765736671347426e+00 -4.245306415602456696e+00
-2.186214118481331625e-01 -6.520030942287357689e+00 -5.148048787390639092e+00
-2.289597036630656723e-01 -5.616296147903367952e+00 -6.050791159178821488e+00
-1.834735562040349377e-01 -4.903985199500400682e+00 8.161647424897877201e+00
-1.802117984358704017e-01 -4.484697895448450211e+00 4.026115608804811785e+00
-1.938118480189673920e-01 -4.000250405116410946e+00 7.258905053109696581e+00
-2.256979458949011641e-01 -5.197008843851416593e+00 -1.018632297527188868e+01
-1.905500902508028838e-01 -3.580963101064460474e+00 3.123373237016629833e+00
-1.872883324826383200e-01 -3.161675797012508227e+00 -1.012158579076436471e+00
-2.008883820657353381e-01 -2.677228306680469849e+00 2.220630865228447437e+00
-1.976266242975708298e-01 -2.257941002628518490e+00 -1.914900950864618867e+00
-1.943648665294062938e-01 -1.838653698576567130e+00 -6.050432766957685615e+00
-2.079649161125032841e-01 -1.354206208244528753e+00 -2.817643322652801263e+00
-2.047031583443387481e-01 -9.349189041925769494e-01 -6.953175138745868011e+00
-2.150414501592712302e-01 -3.118410980858676851e-02 -7.855917510534050408e+00
-1.902318863301054597e-01 2.488596427362359975e+00 4.551036329966283489e+00
-2.038319359132024777e-01 2.973043917694399241e+00 7.783825774271170062e+00
-1.869701285619409237e-01 2.907883731414311335e+00 4.155045138732176291e-01
-2.005701781450379417e-01 3.392331221746350156e+00 3.648293958178102425e+00
-1.837083707937763877e-01 3.327171035466262694e+00 -3.720027302219848675e+00
-2.141702277281349320e-01 3.876778712078388978e+00 6.881083402482987665e+00
-1.973084203768734057e-01 3.811618525798301960e+00 -4.872378579149638789e-01
-2.109084699599704238e-01 4.296066016130340337e+00 2.745551586389920029e+00
-1.940466626087088975e-01 4.230905829850252431e+00 -4.622769674008031515e+00
-2.245085195430674418e-01 4.780513506462378714e+00 5.978341030694805269e+00
-2.076467121918058878e-01 4.715353320182291696e+00 -1.389980229703146275e+00
-1.907849048405443337e-01 4.650193133902204679e+00 -8.758301490101098707e+00
-2.043849544236413518e-01 5.134640624234243056e+00 -5.525512045796213911e+00
-2.147232462385738061e-01 6.038375418618233681e+00 -6.428254417584396307e+00
-1.908682941715003079e-01 -9.650522629491280924e+00 1.695710144066974845e+00
-1.876065364033357719e-01 -9.231235325439328676e+00 -2.439821672026092347e+00
-1.979448282182682262e-01 -8.327500531055338939e+00 -3.342564043814274743e+00
-1.595352148060054376e-01 -6.292167484216429685e+00 5.831600352381174801e+00
-1.731352643891024556e-01 -5.807719993884392196e+00 9.064389796686059597e+00
-1.562734570378409016e-01 -5.872880180164479214e+00 1.696068536288109829e+00
-1.698735066209379196e-01 -5.388432689832439948e+00 4.928857980592994181e+00
-1.666117488527734114e-01 -4.969145385780489477e+00 7.933261644999274331e-01
-1.633499910846088476e-01 -4.549858081728537229e+00 -3.342205651593139759e+00
-1.769500406677058657e-01 -4.065410591396498852e+00 -1.094162072882545189e-01
-1.736882828995413297e-01 -3.646123287344547492e+00 -4.244948023381322599e+00
-1.704265251313767937e-01 -3.226835983292596133e+00 -8.380479839474389792e+00
-1.840265747144738118e-01 -2.742388492960557755e+00 -5.147690395169504995e+00
-1.592170108853080412e-01 -2.226079557896110117e-01 7.259263445330830677e+00
-1.559552531171434775e-01 1.966793482623412359e-01 3.123731629237763929e+00
-1.695553027002404956e-01 6.811268385943796133e-01 6.356521073542648281e+00
-1.526934953489789693e-01 6.159666523142921513e-01 -1.011800186855302375e+00
-1.662935449320759873e-01 1.100414142646330973e+00 2.220989257449581533e+00
-1.798935945151729776e-01 1.584861632978370238e+00 5.453778701754465885e+00
-1.630317871639114236e-01 1.519701446698282332e+00 -1.914542558643484771e+00
-1.934936440982699957e-01 2.069309123310408616e+00 8.686568146059352458e+00
-1.766318367470084416e-01 2.004148937030321154e+00 1.318246885661400025e+00
-1.934936440982699957e-01 2.069309123310408616e+00 8.686568146059352458e+00
-1.597700293957469153e-01 1.938988750750233692e+00 -6.050074374736551519e+00
-1.733700789788439334e-01 2.423436241082272513e+00 -2.817284930431666279e+00
-1.701083212106793974e-01 2.842723545134223428e+00 -6.952816746524733915e+00
-1.804466130256118517e-01 3.746458339518214053e+00 -7.855559118312916311e+00
-1.763136328263110175e-01 8.073708465457141159e+00 2.745909978611054125e+00
-1.866519246412435273e-01 8.977443259841130896e+00 1.843167606822871729e+00
-1.833901668730789636e-01 9.396730563893083144e+00 -2.292364209270194575e+00
-1.388586311761405012e-01 -8.099637072984410935e+00 7.637085095957539593e+00
-1.355968734079759375e-01 -7.680349768932458687e+00 3.501553279864473733e+00
-1.491969229910729555e-01 -7.195902278600421198e+00 6.734342724169357197e+00
-1.323351156398114292e-01 -7.261062464880508216e+00 -6.339785362285934589e-01
-1.258116001034823572e-01 -6.422487856776605497e+00 -8.905042168414727399e+00
-1.459351652229084473e-01 -6.776614974548468950e+00 2.598810908076292225e+00
-1.426734074547439113e-01 -6.357327670496518479e+00 -1.536720908016775855e+00
-1.530116992696763656e-01 -5.453592876112527854e+00 -2.439463279804957807e+00
-1.497499415015118296e-01 -5.034305572060576495e+00 -6.574995095898024999e+00
-1.600882333164443394e-01 -4.130570777676586758e+00 -7.477737467686207395e+00
-1.249403776723460591e-01 -2.514525034889629751e+00 5.831958744602310674e+00
-1.385404272554430771e-01 -2.030077544557590485e+00 9.064748188907195470e+00
-1.216786199041815508e-01 -2.095237730837678392e+00 1.696426928509243925e+00
-1.352786694872785411e-01 -1.610790240505640014e+00 4.929216372814128277e+00
-1.488787190703755314e-01 -1.126342750173600749e+00 8.162005817119013074e+00
-1.320169117191140051e-01 -1.191502936453687767e+00 7.936845567210615293e-01
-1.456169613022110232e-01 -7.070554461216493891e-01 4.026474001025945881e+00
-1.287551539509494969e-01 -7.722156324017368512e-01 -3.341847259372005663e+00
-1.423552035340464872e-01 -2.877681420696980297e-01 -1.090578150671204227e-01
-1.390934457658819512e-01 1.315191619822533298e-01 -4.244589631160188503e+00
-1.358316879977174430e-01 5.508064660342046892e-01 -8.380121447253255695e+00
-1.494317375808144333e-01 1.035253956366243511e+00 -5.147332002948369123e+00
-1.461699798126498973e-01 1.454541260418194426e+00 -9.282863819041438092e+00
-1.934936440982699957e-01 2.069309123310408616e+00 8.686568146059352458e+00
-1.452987573815135991e-01 5.362504082305170172e+00 5.454137093975599981e+00
-1.284369500302520728e-01 5.297343896025083154e+00 -1.914184166422350675e+00
-1.420369996133490631e-01 5.781791386357122420e+00 1.318605277882534121e+00
-1.556370491964460812e-01 6.266238876689160797e+00 4.551394722187419362e+00
-1.387752418451845271e-01 6.201078690409072891e+00 -2.816926538210533071e+00
-1.523752914282815452e-01 6.685526180741112157e+00 4.158629060943517253e-01
-1.355134840770199911e-01 6.620365994461025139e+00 -6.952458354303599819e+00
-1.659753410113785632e-01 7.169973671073151422e+00 3.648652350399236521e+00
-1.491135336601170369e-01 7.104813484793063516e+00 -3.719668909998714579e+00
-1.627135832432140272e-01 7.589260975125101893e+00 -4.868794656938306709e-01
-1.458517758919524732e-01 7.524100788845014876e+00 -7.855200726091782215e+00
-1.763136328263110175e-01 8.073708465457141159e+00 2.745909978611054125e+00
-1.594518254750494912e-01 8.008548279177054141e+00 -4.622411281786897419e+00
-1.730518750581465093e-01 8.492995769509091630e+00 -1.389621837482012179e+00
-1.730518750581465093e-01 8.492995769509091630e+00 -1.389621837482012179e+00
-1.149202897781110011e-01 -9.487819357700439937e+00 5.307038023440837193e+00
-1.116585320099464651e-01 -9.068532053648487690e+00 1.171506207347770445e+00
-1.252585815930434832e-01 -8.584084563316450200e+00 4.404295651652656574e+00
-1.219968238248789472e-01 -8.164797259264497953e+00 2.687638355595889372e-01
-1.187350660567144112e-01 -7.745509955212547482e+00 -3.866767980533478699e+00
-1.290733578716468655e-01 -6.841775160828556857e+00 -4.769510352321660207e+00
-1.394116496865793753e-01 -5.938040366444566232e+00 -5.672252724109842603e+00
-1.042637940424810949e-01 -4.321994623657611001e+00 7.637443488178673690e+00
-1.600882333164443394e-01 -4.130570777676586758e+00 -7.477737467686207395e+00
-1.010020362743165867e-01 -3.902707319605658753e+00 3.501911672085608718e+00
-1.146020858574136048e-01 -3.418259829273619488e+00 6.734701116390493070e+00
-9.774027850615205071e-02 -3.483420015553707394e+00 -6.336201440074593627e-01
-1.464881837333473213e-01 -4.615018268008625135e+00 -1.071052691199109219e+01
-1.113403280892490410e-01 -2.998972525221669017e+00 2.599169300297426322e+00
-1.080785703210845328e-01 -2.579685221169716769e+00 -1.536362515795641759e+00
-1.048168125529199968e-01 -2.160397917117765854e+00 -5.671894331888708507e+00
-1.184168621360169871e-01 -1.675950426785727032e+00 -2.439104887583823711e+00
-1.151551043678524788e-01 -1.256663122733775673e+00 -6.574636703676890903e+00
-1.254933961827849331e-01 -3.529283283497854917e-01 -7.477379075465072411e+00
-9.742207458545462662e-02 2.586139512873112611e+00 7.940429489421956255e-01
-1.110221241685516447e-01 3.070587003205151433e+00 4.026832393247079978e+00
-9.416031681729009062e-02 3.005426816925063971e+00 -3.341488867150871567e+00
-1.246221737516486350e-01 3.555034493537190698e+00 7.259621837551964774e+00
-1.077603664003871087e-01 3.489874307257102792e+00 -1.086994228459858824e-01
-1.213604159834841267e-01 3.974321797589141170e+00 3.124090021458898025e+00
-1.044986086322225727e-01 3.909161611309054152e+00 -4.244231238939054407e+00
-1.349604655665811170e-01 4.458769287921180435e+00 6.356879465763782378e+00
-1.180986582153195630e-01 4.393609101641093417e+00 -1.011441794634168279e+00
-1.316987077984165810e-01 4.878056591973131795e+00 2.221347649670716518e+00
-1.148369004471550547e-01 4.812896405693043889e+00 -5.146973610727236803e+00
-1.115751426789904910e-01 5.232183709744996136e+00 -9.282505426820303995e+00
-1.251751922620875368e-01 5.716631200077034514e+00 -6.049715982515417423e+00
-9.805848242684944704e-02 -9.552979543980526955e+00 -2.061283236957113907e+00
-1.083967742417819569e-01 -8.649244749596537218e+00 -2.964025608745296303e+00
-1.154733082885498752e-01 -7.326222651160595234e+00 -8.002299796626545003e+00
-6.998716082951914053e-02 -6.613911702757629740e+00 6.210138787450153686e+00
-4.660183794192853529e-02 -5.840497280933814039e+00 -9.429246105133932687e+00
-8.032545264445162259e-02 -5.710176908373640003e+00 5.307396415661971290e+00
-9.392550222754864064e-02 -5.225729418041600738e+00 8.540185859966856086e+00
-7.706369487628708659e-02 -5.290889604321687756e+00 1.171864599568904541e+00
-9.066374445938410465e-02 -4.806442113989648490e+00 4.404654043873790670e+00
-8.740198669121956865e-02 -4.387154809937698019e+00 2.691222277807225893e-01
-8.414022892305503265e-02 -3.967867505885745771e+00 -3.866409588312344603e+00
-9.447852073798751471e-02 -3.064132711501756035e+00 -4.769151960100526111e+00
-9.121676296982297871e-02 -2.644845407449804675e+00 -8.904683776193593303e+00
-1.015550547847554608e-01 -1.741110613065814494e+00 -9.807426147981775699e+00
-9.360729830685121655e-02 8.438301103852197116e-01 9.967848952916511962e+00
-8.000724872375419849e-02 3.593826200531804460e-01 6.735059508611627166e+00
-7.674549095558966250e-02 7.786699241051322495e-01 2.599527692518560418e+00
-9.034554053868668055e-02 1.263117414437171071e+00 5.832317136823444770e+00
-7.348373318742512650e-02 1.197957228157083609e+00 -1.536004123574507219e+00
-1.039455901217836986e-01 1.747564904769209448e+00 9.065106581128329566e+00
-8.708378277052214456e-02 1.682404718489122430e+00 1.696785320730378022e+00
-1.006838323536191626e-01 2.166852208821161252e+00 4.929574765035262374e+00
-8.382202500235760856e-02 2.101692022541073790e+00 -2.438746495362689171e+00
-1.142838819367161807e-01 2.651299699153200073e+00 8.162364209340147170e+00
-8.056026723419307256e-02 2.520979326593025149e+00 -6.574278311455756807e+00
-9.089855904912558238e-02 3.424714120977014886e+00 -7.477020683243939203e+00
-1.012368508640580367e-01 4.328448915361005511e+00 -8.379763055032121599e+00
-9.710387066475720252e-02 8.655699041299932617e+00 2.221706041891850614e+00
-9.384211289659266653e-02 9.074986345351883088e+00 -1.913825774201215690e+00
-9.710387066475720252e-02 8.655699041299932617e+00 2.221706041891850614e+00
-1.074421624796896846e-01 9.559433835683922354e+00 1.318963670103668218e+00
-4.604881943148966122e-02 -8.002093987473658743e+00 3.880091714933451730e+00
-5.964886901458666540e-02 -7.517646497141619477e+00 7.112881159238336082e+00
-9.153496689052037505e-02 -8.714404935876624236e+00 -1.033234686914324918e+01
-5.638711124642212941e-02 -7.098359193089669006e+00 2.977349343145269334e+00
-5.312535347825759341e-02 -6.679071889037716758e+00 -1.158182472947797859e+00
-6.672540306135460453e-02 -6.194624398705677493e+00 2.074606971357086938e+00
-6.346364529319006853e-02 -5.775337094653727021e+00 -2.060924844735980255e+00
-6.020188752502553947e-02 -5.356049790601774774e+00 -6.196456660829047891e+00
-7.380193710812255059e-02 -4.871602300269736396e+00 -2.963667216524162207e+00
-7.054017933995801459e-02 -4.452314996217785037e+00 -7.099199032617229399e+00
-8.087847115489049665e-02 -3.548580201833794856e+00 -8.001941404405410907e+00
-4.573061551079223713e-02 -1.932534459046838293e+00 5.307754807883107162e+00
-5.933066509388925519e-02 -1.448086968714799028e+00 8.540544252187990182e+00
-4.246885774262770114e-02 -1.513247154994886934e+00 1.172222991790039526e+00
-5.606890732572471919e-02 -1.028799664662848556e+00 4.405012436094924766e+00
-6.966895690882171643e-02 -5.443521743308092908e-01 7.637801880399809562e+00
-5.280714955756018320e-02 -6.095123606108967529e-01 2.694806200018571296e-01
-6.640719914065718044e-02 -1.250648702788579314e-01 3.502270064306742814e+00
-4.954539178939564720e-02 -1.902250565589453934e-01 -3.866051196091210063e+00
-6.314544137249267219e-02 2.942224337730934280e-01 -6.332617517863252665e-01
-5.988368360432812926e-02 7.135097378250447875e-01 -4.768793567879392015e+00
-5.662192583616359326e-02 1.132797041876996147e+00 -8.904325383972459207e+00
-7.022197541926059050e-02 1.617244532209034968e+00 -5.671535939667574411e+00
-1.039455901217836986e-01 1.747564904769209448e+00 9.065106581128329566e+00
-6.696021765109608226e-02 2.036531836260985884e+00 -9.807067755760641603e+00
-1.142838819367161807e-01 2.651299699153200073e+00 8.162364209340147170e+00
-5.248894563686275910e-02 5.460047167815923252e+00 1.697143712951512118e+00
-6.608899521995978410e-02 5.944494658147961630e+00 4.929933157256396470e+00
-4.922718786869822311e-02 5.879334471867874612e+00 -2.438388103141555074e+00
-6.282723745179524810e-02 6.363781962199913877e+00 7.944013411633306099e-01
-4.596543010053370099e-02 6.298621775919825971e+00 -6.573919919234621823e+00
-7.642728703489223840e-02 6.848229452531952255e+00 4.027190785468214074e+00
-5.956547968363070517e-02 6.783069266251864349e+00 -3.341130474929737471e+00
-7.316552926672773016e-02 7.267516756583903614e+00 -1.083410306248517863e-01
-5.630372191546616917e-02 7.202356570303816596e+00 -7.476662291022804219e+00
-8.676557884982472046e-02 7.751964246915942880e+00 3.124448413680033010e+00
-6.990377149856319416e-02 7.686804060635855862e+00 -4.243872846717918534e+00
-8.350382108166018447e-02 8.171251550967893351e+00 -1.011083402413034182e+00
-8.024206331349564847e-02 8.590538855019845599e+00 -5.146615218506100931e+00
-8.350382108166018447e-02 8.171251550967893351e+00 -1.011083402413034182e+00
-3.571052761655717916e-02 -8.905828781857648480e+00 4.782834086721633682e+00
-4.931057719965418334e-02 -8.421381291525609214e+00 8.015623531026518478e+00
-3.244876984839264317e-02 -8.486541477805698008e+00 6.473022706285660455e-01
-4.278706166332512523e-02 -7.582806683421706495e+00 -2.554401011596154625e-01
-3.952530389516058923e-02 -7.163519379369756024e+00 -4.390971917252683099e+00
-4.986359571009307129e-02 -6.259784584985765399e+00 -5.293714289040865495e+00
-2.505403188092727301e-02 -3.740004047814818655e+00 7.113239551459470178e+00
-5.694012975686101735e-02 -4.936762486549824303e+00 -1.033198847692211508e+01
-2.179227411276275089e-02 -3.320716743762867296e+00 2.977707735366403430e+00
-3.539232369585975507e-02 -2.836269253430828030e+00 6.210497179671287782e+00
-1.853051634459821490e-02 -2.901429439710915936e+00 -1.157824080726663762e+00
-6.727842157179347859e-02 -4.033027692165833678e+00 -1.123473084871029748e+01
-3.213056592769521908e-02 -2.416981949378877559e+00 2.074965363578221034e+00
-2.886880815953069696e-02 -1.997694645326925755e+00 -2.060566452514845714e+00
-2.560705039136616096e-02 -1.578407341274974396e+00 -6.196098268607912907e+00
-3.920709997446316514e-02 -1.093959850942935574e+00 -2.963308824303028111e+00
-3.594534220629864302e-02 -6.746725468909842149e-01 -7.098840640396094415e+00
-4.628363402123111120e-02 2.290622474930059660e-01 -8.001583012184276811e+00
-2.147407019206533374e-02 2.748842784663952710e+00 4.405370828316058862e+00
-3.507411977516234486e-02 3.233290274995991531e+00 7.638160272620943658e+00
-1.821231242390079774e-02 3.168130088715904069e+00 2.698390122229912258e-01
-3.181236200699780886e-02 3.652577579047942891e+00 3.502628456527876910e+00
-4.541241159009481304e-02 4.137025069379982156e+00 6.735417900832761262e+00
-2.855060423883327286e-02 4.071864883099894250e+00 -6.329033595651907262e-01
-4.215065382193029092e-02 4.556312373431932627e+00 2.599886084739694514e+00
-2.528884647066875074e-02 4.491152187151845609e+00 -4.768435175658257918e+00
-5.575070340502729510e-02 5.040759863763971893e+00 5.832675529044578866e+00
-3.888889605376575492e-02 4.975599677483884875e+00 -1.535645731353372678e+00
-3.562713828560121893e-02 5.394886981535835346e+00 -5.671177547446440315e+00
-1.407933222459997052e-02 7.495380214654831619e+00 1.087130810914696255e+01
-2.211047803346017498e-02 -9.390276272189687745e+00 1.550044642416748442e+00
-3.244876984839264317e-02 -8.486541477805698008e+00 6.473022706285660455e-01
-1.884872026529563899e-02 -8.970988968137735498e+00 -2.585487173676318307e+00
-2.918701208022810717e-02 -8.067254173753745761e+00 -3.488229545464500703e+00
-1.115690482897793712e-03 -5.128186332530847658e+00 4.783192478942767778e+00
-1.471574006599481177e-02 -4.643738842198809280e+00 8.015981923247652574e+00
2.146067285266735347e-03 -4.708899028478896298e+00 6.476606628497010298e-01
8.669582821595800404e-03 -3.870324420374993579e+00 -7.623402969336433799e+00
-1.145398229783027577e-02 -4.224451538146857033e+00 3.880450107154585826e+00
5.407825053431271345e-03 -4.289611724426944939e+00 -3.487871153243366606e+00
-8.192224529665739774e-03 -3.805164234094906561e+00 -2.550817089384813663e-01
-4.930466761501210715e-03 -3.385876930042954758e+00 -4.390613525031549003e+00
-1.526875857643368584e-02 -2.482142135658964577e+00 -5.293355896819730511e+00
-1.200700080826915678e-02 -2.062854831607013217e+00 -9.428887712912798591e+00
-5.933066509388925519e-02 -1.448086968714799028e+00 8.540544252187990182e+00
-1.439753614529738768e-02 1.425820686228011169e+00 9.443645016197306674e+00
-7.974865622003765586e-04 9.413731958959723478e-01 6.210855571892421878e+00
-3.268358443813410702e-02 -2.553852428390328555e-01 -1.123437245648916338e+01
2.464271205964152500e-03 1.360660499947923707e+00 2.075323755799356018e+00
-1.113577837713285862e-02 1.845107990279962529e+00 5.308113200104241258e+00
5.726028974128688498e-03 1.779947803999875067e+00 -2.060208060293711618e+00
-2.473582796022986280e-02 2.329555480612001350e+00 8.540902644409124278e+00
-7.874020608968322621e-03 2.264395294331913888e+00 1.172581384011173622e+00
-4.612262840803786623e-03 2.683682598383865248e+00 -2.962950432081893570e+00
-1.350505072639257564e-03 3.102969902435816607e+00 -7.098482248174960318e+00
-1.495055465573626868e-02 3.587417392767855873e+00 -3.865692803870075522e+00
-1.168879688757173269e-02 4.006704696819806344e+00 -8.001224619963142715e+00
-2.202708870250421475e-02 4.910439491203796969e+00 -8.903966991751325111e+00
-3.236538051743668293e-02 5.814174285587787594e+00 -9.806709363539507507e+00
-4.294058920106369470e-03 8.753242126810684809e+00 -1.535287339132238582e+00
-1.789410850320338059e-02 9.237689617142724074e+00 1.697502105172647102e+00
-1.884872026529563899e-02 -8.970988968137735498e+00 -2.585487173676318307e+00
3.316094273006416071e-02 -7.420103411630867285e+00 3.355887778214246442e+00
1.956089314696715653e-02 -6.935655921298828019e+00 6.588677222519132570e+00
-1.232520472896656699e-02 -8.132414360033832779e+00 -1.085655080586245269e+01
2.282265091513169253e-02 -6.516368617246876660e+00 2.453145406426064046e+00
9.222601332034674471e-03 -6.031921126914838283e+00 5.685934850730950174e+00
2.608440868329622159e-02 -6.097081313194925301e+00 -1.682386409667002036e+00
-4.377448251062329709e-03 -5.547473636582799017e+00 8.918724295035834970e+00
1.248435910019921047e-02 -5.612633822862886035e+00 1.550403034637883426e+00
1.574611686836374647e-02 -5.193346518810935564e+00 -2.585128781455184210e+00
1.900787463652827552e-02 -4.774059214758983316e+00 -6.720660597548251403e+00
8.669582821595800404e-03 -3.870324420374993579e+00 -7.623402969336433799e+00
-1.668708993336674717e-03 -2.966589625991003398e+00 -8.526145341124616195e+00
3.347914665076158480e-02 -1.350543883204046836e+00 4.783550871163901874e+00
1.987909706766457368e-02 -8.660963928720075700e-01 8.016340315468786670e+00
3.674090441892612080e-02 -9.312565791520954761e-01 6.480190550708351260e-01
2.314085483582910968e-02 -4.468090888200566546e-01 3.880808499375719922e+00
9.540805252732098563e-03 3.763840151198216688e-02 7.113597943680604274e+00
2.640261260399363874e-02 -2.752178476810529517e-02 -2.547233167173472701e-01
3.292612814032270380e-02 8.110528233357974237e-01 -8.525786948903482099e+00
1.280256302089663109e-02 4.569257055639335263e-01 2.978066127587537526e+00
2.966437037215817474e-02 3.917655192838460643e-01 -4.390255132810414018e+00
1.606432078906116362e-02 8.762130096158848858e-01 -1.157465688505529222e+00
1.932607855722569615e-02 1.295500313667836245e+00 -5.292997504598596414e+00
2.258783632539022868e-02 1.714787617719787605e+00 -9.428529320691664495e+00
8.987786742293217557e-03 2.199235108051826426e+00 -6.195739876386777922e+00
3.053559280329446596e-02 4.299728341170821366e+00 1.034674578020662317e+01
-3.507411977516234486e-02 3.233290274995991531e+00 7.638160272620943658e+00
2.345905875652652683e-02 5.622750439606763351e+00 5.308471592325375354e+00
4.032086610778806701e-02 5.557590253326676333e+00 -2.059849668072576634e+00
2.672081652469105589e-02 6.042037743658714710e+00 1.172939776232307718e+00
1.312076694159405171e-02 6.526485233990753088e+00 4.405729220537192958e+00
2.998257429285559189e-02 6.461325047710666070e+00 -2.962592039860759030e+00
1.638252470975858077e-02 6.945772538042705335e+00 2.701974044441262102e-01
2.782475126661569653e-03 7.430220028374743713e+00 3.502986848749011006e+00
1.964428247792311677e-02 7.365059842094655806e+00 -3.865334411648941426e+00
6.044232894826105651e-03 7.849507332426695072e+00 -6.325449673440561860e-01
2.290604024608765277e-02 7.784347146146608054e+00 -8.000866227742008618e+00
-7.555816688270905468e-03 8.333954822758734338e+00 2.600244476960829498e+00
9.305990662990634710e-03 8.268794636478647320e+00 -4.768076783437122934e+00
-1.032301151941833472e-03 9.172529430862637057e+00 -5.670819155225305330e+00
-1.032301151941833472e-03 9.172529430862637057e+00 -5.670819155225305330e+00
-4.294058920106369470e-03 8.753242126810684809e+00 -1.535287339132238582e+00
-1.463235073503885153e-02 9.656976921194674546e+00 -2.438029710920420090e+00
4.349923454499664277e-02 -8.323838206014857022e+00 4.258630150002428394e+00
2.989918496189963859e-02 -7.839390715682817756e+00 7.491419594307314966e+00
4.676099231316117877e-02 -7.904550901962905662e+00 1.230983339093616458e-01
3.642270049822869671e-02 -7.000816107578915037e+00 -7.796440378788198622e-01
3.968445826639323271e-02 -6.581528803526964566e+00 -4.915175853971887499e+00
2.934616645146075758e-02 -5.677794009142973941e+00 -5.817918225760069006e+00
5.415573028062654198e-02 -3.158013471972027197e+00 6.589035614740266666e+00
2.226963240469281152e-02 -4.354771910707032845e+00 -1.085619241364131859e+01
5.741748804879107104e-02 -2.738726167920075838e+00 2.453503798647199918e+00
4.381743846569405992e-02 -2.254278677588036572e+00 5.686293242952084270e+00
6.067924581695560704e-02 -2.319438863868124479e+00 -1.682028017445867718e+00
3.021738888259705574e-02 -1.769831187255998195e+00 8.919082687256969066e+00
4.707919623385859592e-02 -1.834991373536085657e+00 1.550761426859017522e+00
5.034095400202312498e-02 -1.415704069484134298e+00 -2.584770389234050114e+00
5.360271177018766098e-02 -9.964167654321829382e-01 -6.720302205327117306e+00
4.000266218709064986e-02 -5.119692751001441167e-01 -3.487512761022232066e+00
4.326441995525517892e-02 -9.268197104819275722e-02 -7.623044577115299703e+00
3.292612814032270380e-02 8.110528233357974237e-01 -8.525786948903482099e+00
5.773569196948848820e-02 3.330833360506744167e+00 3.881166891596854018e+00
4.413564238639148402e-02 3.815280850838782989e+00 7.113956335901738370e+00
6.099744973765302419e-02 3.750120664558695083e+00 -2.543649244962127298e-01
4.739740015455601307e-02 4.234568154890734348e+00 2.978424519808672510e+00
3.379735057145900196e-02 4.719015645222773614e+00 6.211213964113557751e+00
5.065915792272054213e-02 4.653855458942685708e+00 -1.157107296284394682e+00
3.705910833962353795e-02 5.138302949274724085e+00 2.075682148020490114e+00
5.392091569088507813e-02 5.073142762994637067e+00 -5.292639112377462318e+00
4.358262387595260301e-02 5.976877557378626804e+00 -6.195381484165643826e+00
3.324433206102012095e-02 6.880612351762617429e+00 -7.098123855953826222e+00
6.743757594302612901e-02 -9.712020490730886024e+00 1.928583077485726438e+00
5.709928412809364695e-02 -8.808285696346896287e+00 1.025840705697544042e+00
5.383752635992912483e-02 -9.227573000398846759e+00 5.161372521790610790e+00
5.383752635992912483e-02 -9.227573000398846759e+00 5.161372521790610790e+00
7.069933371119066501e-02 -9.292733186678935553e+00 -2.206948738607341198e+00
5.709928412809364695e-02 -8.808285696346896287e+00 1.025840705697544042e+00
6.036104189625818295e-02 -8.388998392294944040e+00 -3.109691110395522706e+00
5.002275008132570783e-02 -7.485263597910954303e+00 -4.012433482183705102e+00
7.809407167865603516e-02 -4.546195756688056200e+00 4.258988542223562490e+00
6.449402209555901710e-02 -4.061748266356017822e+00 7.491777986528449063e+00
8.135582944682055728e-02 -4.126908452636104840e+00 1.234567261304966301e-01
8.787934498314961540e-02 -3.288333844532202122e+00 -8.147606906055637310e+00
6.775577986372355310e-02 -3.642460962304065575e+00 3.356246170435382314e+00
8.461758721498507940e-02 -3.707621148584153481e+00 -4.012075089962570118e+00
7.101753763188808910e-02 -3.223173658252114659e+00 -7.792856456576857660e-01
7.427929540005261122e-02 -2.803886354200163300e+00 -4.914817461750752514e+00
6.394100358512014304e-02 -1.900151559816173119e+00 -5.817559833538934910e+00
1.987909706766457368e-02 -8.660963928720075700e-01 8.016340315468786670e+00
9.201232518245044956e-02 1.038916281406724984e+00 2.453862190868334014e+00
7.841227559935343150e-02 1.523363771738763806e+00 5.686651635173218367e+00
6.481222601625644120e-02 2.007811262070802627e+00 8.919441079478103163e+00
8.167403336751796750e-02 1.942651075790715165e+00 1.551119819080151618e+00
6.807398378442097719e-02 2.427098566122753986e+00 4.783909263385035970e+00
8.493579113568250349e-02 2.361938379842666524e+00 -2.584411997012915574e+00
5.447393420132395220e-02 2.911546056454792808e+00 8.016698707689920766e+00
7.133574155258549931e-02 2.846385870174705346e+00 6.483774472919692222e-01
7.459749932075002143e-02 3.265673174226656705e+00 -3.487154368801097526e+00
7.785925708891455743e-02 3.684960478278608065e+00 -7.622686184894165606e+00
6.425920750581755325e-02 4.169407968610647330e+00 -4.389896740589279922e+00
6.752096527398208925e-02 4.588695272662597802e+00 -8.525428556682348002e+00
5.718267345904960719e-02 5.492430067046588427e+00 -9.428170928470528622e+00
6.513042993695386529e-02 8.077370790497623076e+00 1.034710417242775726e+01
8.525399505637992759e-02 8.431497908269486530e+00 -1.156748904063260586e+00
7.165394547328290953e-02 8.915945398601525795e+00 2.076040540241625099e+00
7.491570324144744553e-02 9.335232702653476267e+00 -2.059491275851442982e+00
9.877065530852097153e-02 -6.353665345456036562e+00 6.064473285799927282e+00
6.688455743258725494e-02 -7.550423784191041321e+00 -1.138075474258165798e+01
1.020324130766855075e-01 -5.934378041404085202e+00 1.928941469706860534e+00
8.843236349358848947e-02 -5.449930551072046825e+00 5.161730914011744886e+00
1.052941708448500435e-01 -5.515090737352133843e+00 -2.206590346386206214e+00
7.483231391049149916e-02 -4.965483060740007559e+00 8.394520358316631459e+00
9.169412126175302546e-02 -5.030643247020094577e+00 1.026199097918679026e+00
9.495587902991756146e-02 -4.611355942968144106e+00 -3.109332718174388610e+00
9.821763679808209746e-02 -4.192068638916191858e+00 -7.244864534267454914e+00
8.787934498314961540e-02 -3.288333844532202122e+00 -8.147606906055637310e+00
7.754105316821714722e-02 -2.384599050148211941e+00 -9.050349277843819706e+00
8.548880964612140532e-02 2.003416733028222652e-01 1.072492582305446795e+01
1.126889088123154137e-01 -7.685533073612553778e-01 4.259346934444698363e+00
9.908885922921839562e-02 -2.841058170292161122e-01 7.492136378749583159e+00
1.159506665804799497e-01 -3.492660033093040184e-01 1.238151183516307263e-01
6.720276135328466516e-02 -1.480864255764221760e+00 -9.953091649632002103e+00
1.023506169973829316e-01 1.351814870227348031e-01 3.356604562656516411e+00
8.875056741428591356e-02 6.196289773547736246e-01 6.589394006961400763e+00
1.056123747655474676e-01 5.544687910746861625e-01 -7.789272534365512257e-01
1.121358903018765119e-01 1.393043399178589326e+00 -9.049990885622685610e+00
1.088741325337120036e-01 9.737560951266375220e-01 -4.914459069529618418e+00
9.527408295061498555e-02 1.458203585458676343e+00 -1.681669625224733400e+00
9.853584071877952155e-02 1.877490889510627703e+00 -5.817201441317800814e+00
8.819754890384703949e-02 2.781225683894618328e+00 -6.719943813105983210e+00
1.097453549648483018e-01 4.881718917013612824e+00 9.822541843487419655e+00
4.413564238639148402e-02 3.815280850838782989e+00 7.113956335901738370e+00
1.162688705011773460e-01 5.720293525117515543e+00 1.551478211301285715e+00
1.026688209180803557e-01 6.204741015449554808e+00 4.784267655606170067e+00
1.059305786862448917e-01 6.624028319501506168e+00 6.487358395131033184e-01
9.233052910314787365e-02 7.108475809833544545e+00 3.881525283817989003e+00
1.091923364544093999e-01 7.043315623553457527e+00 -3.486795976579963430e+00
9.559228687131240965e-02 7.527763113885496793e+00 -2.540065322750781895e-01
8.199223728821539159e-02 8.012210604217534282e+00 2.978782912029806607e+00
9.885404463947694564e-02 7.947050417937447264e+00 -4.389538348368145826e+00
8.851575282454446358e-02 8.850785212321438777e+00 -5.292280720156327334e+00
8.525399505637992759e-02 8.431497908269486530e+00 -1.156748904063260586e+00
1.227089967065504716e-01 -7.741847630172065564e+00 3.734426213283225326e+00
1.091089471234534536e-01 -7.257400139840026299e+00 6.967215657588109678e+00
1.259707544747150076e-01 -7.322560326120114205e+00 -4.011056028098423099e-01
1.123707048916179896e-01 -6.838112835788075827e+00 2.831683841495042930e+00
1.292325122428795159e-01 -6.903273022068162845e+00 -4.536637418902909502e+00
1.156324626597825256e-01 -6.418825531736123580e+00 -1.303847974598023818e+00
1.188942204279470616e-01 -5.999538227684173108e+00 -5.439379790691091898e+00
1.085559286130145795e-01 -5.095803433300182483e+00 -6.342122162479273406e+00
1.197654428590833320e-01 -2.091575405797197362e+00 9.297621122325947951e+00
1.567508153297709761e-01 -1.802608474305420483e+00 -9.574553214563024994e+00
1.366272502103448860e-01 -2.156735592077284380e+00 1.929299861927995519e+00
1.230272006272478957e-01 -1.672288101745245115e+00 5.162089306232880759e+00
1.398890079785094220e-01 -1.737448288025333021e+00 -2.206231954165072118e+00
1.094271510441508777e-01 -1.187840611413206737e+00 8.394878750537765555e+00
1.262889583954124040e-01 -1.253000797693294199e+00 1.026557490139813122e+00
1.295507161635769400e-01 -8.337134936413428399e-01 -3.108974325953254070e+00
1.328124739317414760e-01 -4.144261895893914804e-01 -7.244506142046320818e+00
1.192124243486444579e-01 7.002130074264734105e-02 -4.011716697741436022e+00
1.224741821168089939e-01 4.893086047945987005e-01 -8.147248513834503214e+00
1.121358903018765119e-01 1.393043399178589326e+00 -9.049990885622685610e+00
1.200836467797807838e-01 3.977984122629623087e+00 1.072528421527560205e+01
1.336836963628777741e-01 3.493536632297583822e+00 7.492494770970717255e+00
1.369454541310423101e-01 3.912823936349536069e+00 3.356962954877650507e+00
1.233454045479452921e-01 4.397271426681574447e+00 6.589752399182534859e+00
1.402072118992068461e-01 4.332111240401486540e+00 -7.785688612154166854e-01
1.266071623161098281e-01 4.816558730733525806e+00 2.454220583089468111e+00
1.130071127330128378e-01 5.301006221065565072e+00 5.687010027394352463e+00
1.298689200842743641e-01 5.235846034785477165e+00 -1.681311233003599082e+00
1.331306778524389001e-01 5.655133338837428525e+00 -5.816843049096666718e+00
1.195306282693418820e-01 6.139580829169467791e+00 -2.584053604791781034e+00
1.227923860375064180e-01 6.558868133221418262e+00 -6.719585420884849114e+00
1.124540942225739359e-01 7.462602927605409775e+00 -7.622327792673029734e+00
1.021158024076414816e-01 8.366337721989399512e+00 -8.525070164461212130e+00
1.499090958727444800e-01 -8.710742610836144095e+00 -2.731152675326545154e+00
1.466473381045799440e-01 -9.130029914888094567e+00 1.404379140766522926e+00
1.363090462896474619e-01 -8.226295120504104830e+00 5.016367689783400863e-01
1.330472885214829537e-01 -8.645582424556055301e+00 4.637168585071407279e+00
1.499090958727444800e-01 -8.710742610836144095e+00 -2.731152675326545154e+00
1.363090462896474619e-01 -8.226295120504104830e+00 5.016367689783400863e-01
1.395708040578119979e-01 -7.807007816452152582e+00 -3.633895047114726662e+00
1.573038338402098502e-01 -3.964205180845264742e+00 3.734784605504359423e+00
1.437037842571128321e-01 -3.479757690513226365e+00 6.967574049809243775e+00
1.605655916083743862e-01 -3.544917876793313383e+00 -4.007472105887073255e-01
1.670891071447034304e-01 -2.706343268689410664e+00 -8.671810842774842598e+00
1.469655420252773681e-01 -3.060470386461274117e+00 2.832042233716177915e+00
1.638273493765389222e-01 -3.125630572741362023e+00 -4.536279026681775406e+00
1.333654924421803778e-01 -2.576022896129235740e+00 6.064831678021061379e+00
1.502272997934419041e-01 -2.641183082409323202e+00 -1.303489582376889722e+00
1.534890575616064401e-01 -2.221895778357371842e+00 -5.439021398469956914e+00
1.431507657466739580e-01 -1.318160983973381661e+00 -6.341763770258138422e+00
1.576220377609072743e-01 2.105354347581555263e+00 5.162447698454013079e+00
1.440219881778102562e-01 2.589801837913594085e+00 8.395237142758899651e+00
1.608837955290718102e-01 2.524641651633506623e+00 1.026915882360947219e+00
1.472837459459747922e-01 3.009089141965545444e+00 4.259705326665832459e+00
1.641455532972363185e-01 2.943928955685457538e+00 -3.108615933732119530e+00
1.505455037141393282e-01 3.428376446017496804e+00 1.241735105727652666e-01
1.538072614823038642e-01 3.847663750069448163e+00 -4.011358305520301926e+00
1.434689696673713821e-01 4.751398544453438788e+00 -4.914100677308484322e+00
1.467307274355359181e-01 5.170685848505389259e+00 -9.049632493401551514e+00
9.940706314991581971e-02 5.785453711397603449e+00 8.919799471699237259e+00
1.443401920985076803e-01 8.659361366340414534e+00 9.822900235708553751e+00
1.612019994497692066e-01 8.594201180060325740e+00 2.454578975310602207e+00
1.508637076348367523e-01 9.497935974444317253e+00 1.551836603522419811e+00
1.602473876876769621e-01 -9.614477405220133832e+00 -1.828410303538362758e+00
1.812421752382393225e-01 -5.352387465561293745e+00 1.404737532987657023e+00
1.676421256551423045e-01 -4.867939975229255367e+00 4.637526977292541375e+00
1.845039330064038585e-01 -4.933100161509342385e+00 -2.730794283105410170e+00
1.540420760720453142e-01 -4.383492484897216102e+00 7.870316421597426171e+00
1.709038834233068682e-01 -4.448652671177303120e+00 5.019951611994750706e-01
1.741656411914713765e-01 -4.029365367125352648e+00 -3.633536654893592566e+00
1.774273989596359125e-01 -3.610078063073400845e+00 -7.769068470986660202e+00
1.670891071447034304e-01 -2.706343268689410664e+00 -8.671810842774842598e+00
1.567508153297709761e-01 -1.802608474305420483e+00 -9.574553214563024994e+00
1.782986213907722384e-01 2.978847588135753455e-01 6.967932442030377871e+00
1.464125235148384940e-01 -8.988736799214303019e-01 -1.047729558635120739e+01
1.815603791589367466e-01 7.171720628655262608e-01 2.832400625937311123e+00
1.679603295758397286e-01 1.201619553197565082e+00 6.065190070242195475e+00
1.848221369271012826e-01 1.136459366917477620e+00 -1.303131190155755625e+00
1.543602799927427383e-01 1.686067043529604348e+00 9.297979514547082047e+00
1.712220873440042646e-01 1.620906857249516442e+00 1.929658254149129615e+00
1.880838946952658186e-01 1.555746670969428536e+00 -5.438663006248821929e+00
1.744838451121688006e-01 2.040194161301467801e+00 -2.205873561943937577e+00
1.777456028803333365e-01 2.459481465353419161e+00 -6.341405378037004326e+00
1.674073110654008545e-01 3.363216259737409786e+00 -7.244147749825186722e+00
1.570690192504683724e-01 4.266951054121399523e+00 -8.146890121613369118e+00
1.922168748945666250e-01 5.882996796908356529e+00 5.162806090675148951e+00
1.954786326627311610e-01 6.302284100960307001e+00 1.027274274582081315e+00
1.818785830796341707e-01 6.786731591292346266e+00 4.260063718886966555e+00
1.682785334965371526e-01 7.271179081624385532e+00 7.492853163191851351e+00
1.851403408477986789e-01 7.206018895344297626e+00 1.245319027938993628e-01
1.715402912647016609e-01 7.690466385676336003e+00 3.357321347098784603e+00
1.884020986159632427e-01 7.625306199396248985e+00 -4.010999913299167829e+00
1.748020490328662246e-01 8.109753689728288251e+00 -7.782104689942825893e-01
1.780638068010307329e-01 8.529040993780238722e+00 -4.913742285087350226e+00
1.644637572179337426e-01 9.013488484112277987e+00 -1.680952840782464985e+00
1.677255149860982786e-01 9.432775788164228459e+00 -5.816484656875531734e+00
2.155188084512012769e-01 -7.644304544661313372e+00 -2.256716774086386934e-02
2.019187588681042866e-01 -7.159857054329274106e+00 3.210222276564021815e+00
1.883187092850072686e-01 -6.675409563997234841e+00 6.443011720868906167e+00
2.051805166362688226e-01 -6.740569750277322747e+00 -9.253095395290462655e-01
1.915804670531717768e-01 -6.256122259945284370e+00 2.307479904775839419e+00
2.084422744044333586e-01 -6.321282446225371388e+00 -5.060841355622113014e+00
1.779804174700747865e-01 -5.771674769613245104e+00 5.540269349080723771e+00
1.948422248213363406e-01 -5.836834955893332122e+00 -1.828051911317227773e+00
1.643803678869777962e-01 -5.287227279281205838e+00 8.773058793385608567e+00
1.981039825895008488e-01 -5.417547651841381651e+00 -5.963583727410295410e+00
1.877656907745683945e-01 -4.513812857457391026e+00 -6.866326099198477806e+00
1.989752050206371470e-01 -1.509584829954405905e+00 8.773417185606742663e+00
2.158370123718987288e-01 -1.574745016234492923e+00 1.405095925208791119e+00
2.022369627888017107e-01 -1.090297525902453657e+00 4.637885369513675471e+00
1.886369132057046927e-01 -6.058500355704152796e-01 7.870674813818560267e+00
2.054987205569662190e-01 -6.710102218505027416e-01 5.023535534206082787e-01
1.918986709738692287e-01 -1.865627315184639201e-01 3.735142997725493519e+00
2.087604783251307827e-01 -2.517229177985513822e-01 -3.633178262672458469e+00
1.951604287420337647e-01 2.327245725334874393e-01 -4.003888183675732293e-01
1.984221865101982729e-01 6.520118765854387988e-01 -4.535920634460640422e+00
2.016839442783628367e-01 1.071299180637390158e+00 -8.671452450553708502e+00
1.913456524634303269e-01 1.975033975021380783e+00 -9.574194822341890898e+00
1.992934089413345711e-01 4.559974698472414545e+00 1.020108027855639854e+01
2.128934585244315891e-01 4.075527208140375279e+00 6.968290834251511967e+00
2.128934585244315891e-01 4.075527208140375279e+00 6.968290834251511967e+00
2.161552162925961251e-01 4.494814512192327527e+00 2.832759018158446107e+00
2.025551667094991348e-01 4.979262002524365904e+00 6.065548462463329571e+00
2.194169740607606611e-01 4.914101816244277998e+00 -1.302772797934621529e+00
2.058169244776636431e-01 5.398549306576317264e+00 1.930016646370263711e+00
2.090786822458281513e-01 5.817836610628268623e+00 -2.205515169722803481e+00
2.123404400139927151e-01 6.237123914680219983e+00 -6.341046985815870229e+00
1.987403904308956970e-01 6.721571405012259248e+00 -3.108257541510985433e+00
2.020021481990602330e-01 7.140858709064209719e+00 -7.243789357604052626e+00
1.916638563841277509e-01 8.044593503448199456e+00 -8.146531729392235022e+00
2.361953920810662411e-01 -9.451774133429292846e+00 1.782917575835500923e+00
2.258571002661337590e-01 -8.548039339045303109e+00 8.801752040473185268e-01
2.258571002661337590e-01 -8.548039339045303109e+00 8.801752040473185268e-01
2.122570506830367409e-01 -8.063591848713263843e+00 4.112964648352203767e+00
2.291188580342983228e-01 -8.128752034993350861e+00 -3.255356612045749554e+00
1.986570010999397506e-01 -7.579144358381224578e+00 7.345754092657088563e+00
2.187805662193658129e-01 -7.225017240609361124e+00 -4.158098983833930617e+00
2.229135464186666471e-01 -2.897767114670434907e+00 6.443370113090040263e+00
2.397753537699282012e-01 -2.962927300950521925e+00 -9.249511473079121693e-01
2.462988693062572731e-01 -2.124352692846619206e+00 -9.196014779494046110e+00
2.261753041868311831e-01 -2.478479810618482659e+00 2.307838296996973515e+00
2.430371115380927094e-01 -2.543639996898570566e+00 -5.060482963400978917e+00
2.125752546037341650e-01 -1.994032320286444282e+00 5.540627741301857867e+00
2.294370619549957191e-01 -2.059192506566531744e+00 -1.827693519096094565e+00
2.326988197231602551e-01 -1.639905202514580385e+00 -5.963225335189161314e+00
2.190987701400632370e-01 -1.155457712182541563e+00 -2.730435890884276073e+00
2.223605279082277730e-01 -7.361704081305902037e-01 -6.865967706977343710e+00
2.120222360932952910e-01 1.675643862533995332e-01 -7.768710078765526106e+00
2.368317999224610615e-01 2.687344923424346721e+00 4.638243761734809567e+00
2.232317503393640434e-01 3.171792413756385542e+00 7.871033206039694363e+00
2.400935576906256252e-01 3.106632227476298524e+00 5.027119456417432630e-01
2.264935081075286072e-01 3.591079717808336902e+00 3.735501389946627615e+00
2.297552658756931154e-01 4.010367021860288261e+00 -4.000304261464391331e-01
2.330170236438576514e-01 4.429654325912239621e+00 -4.535562242239506325e+00
2.226787318289251971e-01 5.333389120296230246e+00 -5.438304614027687833e+00
1.786168253114696347e-01 6.367444287240394907e+00 8.395595534980033747e+00
2.394571498492307771e-01 -9.032486829377342374e+00 -2.352614240257567157e+00
2.394571498492307771e-01 -9.032486829377342374e+00 -2.352614240257567157e+00
2.291188580342983228e-01 -8.128752034993350861e+00 -3.255356612045749554e+00
2.604519373997931653e-01 -4.770396889718502287e+00 8.805335962684526230e-01
2.468518878166961472e-01 -4.285949399386463909e+00 4.113323040573337863e+00
2.637136951679576735e-01 -4.351109585666550927e+00 -3.254998219824615457e+00
2.332518382335991292e-01 -3.801501909054424644e+00 7.346112484878222659e+00
2.501136455848607110e-01 -3.866662095334511662e+00 -2.220877551972977315e-02
2.365135960017636374e-01 -3.382214605002473284e+00 3.210580668785155911e+00
2.533754033530252192e-01 -3.447374791282560746e+00 -4.157740591612798298e+00
2.462988693062572731e-01 -2.124352692846619206e+00 -9.196014779494046110e+00
2.462988693062572731e-01 -2.124352692846619206e+00 -9.196014779494046110e+00
2.607701413204905339e-01 1.299162638708317719e+00 2.308196689218107611e+00
2.471700917373935436e-01 1.783610129040356540e+00 5.540986133522991963e+00
2.640318990886550976e-01 1.718449942760269522e+00 -1.827335126874959581e+00
2.504318495055580795e-01 2.202897433092307899e+00 1.405454317429925215e+00
2.536936072737226433e-01 2.622184737144259259e+00 -2.730077498663141977e+00
2.569553650418871515e-01 3.041472041196210618e+00 -6.865609314756209614e+00
2.433553154587901335e-01 3.525919531528248996e+00 -3.632819870451324373e+00
2.466170732269546972e-01 3.945206835580201243e+00 -7.768351686544392010e+00
2.362787814120221874e-01 4.848941629964190980e+00 -8.671094058332574406e+00
2.259404895970897331e-01 5.752676424348180717e+00 -9.573836430120756802e+00
2.714266370561204678e-01 6.464987372751147987e+00 4.638602153955943663e+00
2.746883948242849760e-01 6.884274676803098458e+00 5.030703378628773592e-01
2.610883452411880135e-01 7.368722167135137724e+00 3.735859782167762599e+00
2.643501030093525217e-01 7.788009471187088195e+00 -3.996720339253041487e-01
2.507500534262555036e-01 8.272456961519127461e+00 2.833117410379580203e+00
2.540118111944200119e-01 8.691744265571079708e+00 -1.302414405713486545e+00
2.404117616113230216e-01 9.176191755903117198e+00 1.930375038591398695e+00
2.572735689625845756e-01 9.111031569623030180e+00 -5.437946221806553737e+00
2.436735193794875576e-01 9.595479059955069445e+00 -2.205156777501668941e+00
2.947285706127550919e-01 -7.062313968818521914e+00 -5.467711044600682690e-01
2.811285210296581294e-01 -6.577866478486482649e+00 2.686018339844817415e+00
2.675284714465611113e-01 -6.093418988154443383e+00 5.918807784149702655e+00
2.843902787978226376e-01 -6.158579174434531289e+00 -1.449513476248250665e+00
2.707902292147256196e-01 -5.674131684102492912e+00 1.783275968056635019e+00
2.876520365659872014e-01 -5.739291870382579930e+00 -5.585045292341318302e+00
2.571901796316286015e-01 -5.189684193770453646e+00 5.016065412361520259e+00
2.740519869828901833e-01 -5.254844380050540664e+00 -2.352255848036433061e+00
2.435901300485316112e-01 -4.705236703438414381e+00 8.248854856666405055e+00
2.773137447510546916e-01 -4.835557075998590193e+00 -6.487787664129500698e+00
2.669754529361222373e-01 -3.931822281614599568e+00 -7.390530035917681317e+00
2.566371611211897275e-01 -3.028087487230609387e+00 -8.293272407705863714e+00
2.814467249503554980e-01 -5.083069500596621992e-01 4.113681432794471959e+00
2.678466753672585354e-01 -2.385945972762382183e-02 7.346470877099354979e+00
2.847084827185200617e-01 -8.901964600771128389e-02 -2.185038329859567696e-02
2.711084331354230437e-01 3.954278443243275376e-01 3.210939061006290007e+00
2.879702404866845700e-01 3.302676580442405196e-01 -4.157382199391662425e+00
2.575083835523260256e-01 8.798753346563668032e-01 6.443728505311174359e+00
2.743701909035876074e-01 8.147151483762788970e-01 -9.245927550867780731e-01
2.776319486717521157e-01 1.234002452428230256e+00 -5.060124571179844821e+00
2.672936568568196058e-01 2.137737246812219993e+00 -5.962866942968027217e+00
2.888414629178208681e-01 4.238230479931216266e+00 1.057961871362537565e+01
2.785031711028884138e-01 5.141965274315206003e+00 9.676876341837193252e+00
2.953649784541499401e-01 5.076805088035118985e+00 2.308555081439241707e+00
2.817649288710529776e-01 5.561252578367157362e+00 5.541344525744126059e+00
2.986267362223144484e-01 5.496092392087069456e+00 -1.826976734653825485e+00
2.850266866392174858e-01 5.980539882419108721e+00 1.405812709651059311e+00
2.882884444073819941e-01 6.399827186471059193e+00 -2.729719106442006993e+00
2.779501525924495398e-01 7.303561980855050706e+00 -3.632461478230189389e+00
2.676118607775170855e-01 8.207296775239040443e+00 -4.535203850018371341e+00
3.050668624276876018e-01 -7.966048763202511651e+00 3.559712673281141271e-01
2.914668128445905837e-01 -7.481601272870472386e+00 3.588760711632999811e+00
3.083286201958521100e-01 -7.546761459150560292e+00 -3.779560548764953065e+00
2.979903283809196557e-01 -6.643026664766569667e+00 -4.682302920553135905e+00
3.053850663483849703e-01 -1.896489234775691202e+00 1.783634360277769115e+00
2.917850167652880078e-01 -1.412041744443652824e+00 5.016423804582652579e+00
3.086468241165495341e-01 -1.477201930723740286e+00 -2.351897455815298965e+00
2.950467745334525160e-01 -9.927544403917014648e-01 8.808919884895867192e-01
2.781849671821909897e-01 -9.275942541116144469e-01 8.249213248887537375e+00
3.119085818847140978e-01 -1.057914626671788483e+00 -6.487429271908364825e+00
2.983085323016170798e-01 -5.734671363397501054e-01 -3.254639827603481361e+00
3.015702900697815880e-01 -1.541798322877987459e-01 -7.390171643696547221e+00
2.912319982548490782e-01 7.495549620961909909e-01 -8.292914015484729617e+00
2.808937064399166239e-01 1.653289756480181616e+00 -9.195656387272912013e+00
3.160415620840149042e-01 3.269335499267137735e+00 4.114039825015606056e+00
3.024415125009178862e-01 3.753782989599177000e+00 7.346829269320490852e+00
3.057032702690824499e-01 4.173070293651128360e+00 3.211297453227424104e+00
2.921032206859854319e-01 4.657517783983166737e+00 6.444086897532308456e+00
3.089650280372469582e-01 4.592357597703079719e+00 -9.242343628656430887e-01
3.018884939904790121e-01 5.915379696139021704e+00 -5.962508550746893121e+00
2.915502021755465578e-01 6.819114490523011440e+00 -6.865250922535075517e+00
2.812119103606140480e-01 7.722849284907001177e+00 -7.767993294323257913e+00
3.290052038257170741e-01 -9.354231047918540654e+00 -1.974075805188588273e+00
3.186669120107846198e-01 -8.450496253534550917e+00 -2.876818176976770669e+00
3.154051542426200561e-01 -8.869783557586501388e+00 1.258713639116296523e+00
3.186669120107846198e-01 -8.450496253534550917e+00 -2.876818176976770669e+00
3.429234573295115163e-01 -3.769119009823759470e+00 -3.779202156543818969e+00
3.260616499782499900e-01 -3.703958823543672452e+00 3.589119103854132131e+00
3.293234077464144982e-01 -3.284671519491720204e+00 -5.464127122389341729e-01
3.124616003951529164e-01 -3.219511333211633186e+00 6.821908548159017371e+00
3.157233581633174802e-01 -2.800224029159681827e+00 2.686376732065949735e+00
3.325851655145790065e-01 -2.865384215439769289e+00 -4.681944528332001809e+00
3.189851159314819884e-01 -2.380936725107730467e+00 -1.449155084027116569e+00
3.021233085802204621e-01 -2.315776538827643449e+00 5.919166176370834975e+00
3.222468736996465521e-01 -1.961649421055779108e+00 -5.584686900120184205e+00
3.263798538989473585e-01 2.365600704883147998e+00 5.016782196803788452e+00
3.296416116671119223e-01 2.784888008935099357e+00 8.812503807107208154e-01
3.329033694352764305e-01 3.204175312987050717e+00 -3.254281435382346377e+00
3.193033198521794680e-01 3.688622803319089982e+00 -2.149199107746158077e-02
3.225650776203439762e-01 4.107910107371040453e+00 -4.157023807170528329e+00
3.122267858054114664e-01 5.011644901755030190e+00 -5.059766178958710725e+00
3.154885435735760302e-01 5.430932205806982438e+00 -9.195297995051777917e+00
3.473746414495097468e-01 6.627690644541987197e+00 8.249930033329805568e+00
3.402981074027418007e-01 7.950712742977929182e+00 3.211655845448558200e+00
3.299598155878093464e-01 8.854447537361918918e+00 2.308913473660375804e+00
3.332215733559738546e-01 9.273734841413871166e+00 -1.826618342432691389e+00
3.739383327743089347e-01 -6.480323392975730457e+00 -1.070975041179273557e+00
3.603382831912119166e-01 -5.995875902643691191e+00 2.161814403125611239e+00
3.636000409593764249e-01 -5.576588598591739832e+00 -1.973717412967455953e+00
3.499999913762794623e-01 -5.092141108259701454e+00 1.259072031337428843e+00
3.668617987275409886e-01 -5.157301294539788472e+00 -6.109249229060521813e+00
3.532617491444439706e-01 -4.672853804207749207e+00 -2.876459784755636573e+00
3.363999417931823888e-01 -4.607693617927662189e+00 4.491861475642314971e+00
3.396616995613469525e-01 -4.188406313875710829e+00 3.563296595492464469e-01
3.227998922100854262e-01 -4.123246127595622923e+00 7.724650919947199768e+00
3.565235069126084788e-01 -4.253566500155798735e+00 -7.011991600848704209e+00
3.461852150976760245e-01 -3.349831705771808110e+00 -7.914733972636886605e+00
3.535799530651413947e-01 1.396705724219070355e+00 -1.448796691805982473e+00
3.399799034820443766e-01 1.881153214551108732e+00 1.783992752498903211e+00
3.568417108333059029e-01 1.815993028271021714e+00 -5.584328507899048333e+00
3.432416612502089404e-01 2.300440518603060980e+00 -2.351539063594164869e+00
3.465034190183734486e-01 2.719727822655011451e+00 -6.487070879687230729e+00
3.361651272034409943e-01 3.623462617039001188e+00 -7.389813251475413125e+00
3.258268353885084845e-01 4.527197411422992701e+00 -8.292555623263595521e+00
3.609746910326067648e-01 6.143243154209947932e+00 5.017140589024922548e+00
3.642364488007712731e-01 6.562530458261900179e+00 8.816087729318549115e-01
3.506363992176742550e-01 7.046977948593939445e+00 4.114398217236740152e+00
3.538981569858388743e-01 7.466265252645889916e+00 -2.113359885632748458e-02
3.571599147540033825e-01 7.885552556697842164e+00 -4.156665414949394233e+00
3.435598651709063645e-01 8.370000047029881429e+00 -9.238759706445098807e-01
3.468216229390708727e-01 8.789287351081831901e+00 -5.059407786737576629e+00
3.842766245892413890e-01 -7.384058187359720193e+00 -1.682326693910911608e-01
3.706765750061444264e-01 -6.899610697027680928e+00 3.064556774913793635e+00
3.706765750061444264e-01 -6.899610697027680928e+00 3.064556774913793635e+00
3.875383823574059527e-01 -6.964770883307768834e+00 -4.303764485484158797e+00
3.772000905424734429e-01 -6.061036088923778209e+00 -5.206506857272339417e+00
3.775182944631709225e-01 8.523439503041352339e-03 -3.778843764322684873e+00
3.639182448800739045e-01 4.929709298350797297e-01 -5.460543200178000767e-01
3.807800522313354308e-01 4.278107435549927118e-01 -7.914375580415750733e+00
3.671800026482384127e-01 9.122582338870319774e-01 -4.681586136110867713e+00
3.601034686014704667e-01 2.235280332322972185e+00 -9.719860323992115525e+00
3.601034686014704667e-01 2.235280332322972185e+00 -9.719860323992115525e+00
3.745747406157037829e-01 5.658795663877910442e+00 1.784351144720037308e+00
3.778364983838683466e-01 6.078082967929860914e+00 -2.351180671373030773e+00
3.674982065689358368e-01 6.981817762313852427e+00 -3.253923043161213169e+00
3.707599643371004006e-01 7.401105066365802898e+00 -7.389454859254279029e+00
3.604216725221678908e-01 8.304839860749792635e+00 -8.292197231042461425e+00
3.981948780930358311e-01 -1.798946149264939010e+00 -1.973359020746320081e+00
4.014566358612003949e-01 -1.379658845212987650e+00 -6.108890836839387717e+00
3.878565862781033768e-01 -8.952113548809492727e-01 -2.876101392534502477e+00
3.911183440462678851e-01 -4.759240508289970251e-01 -7.011633208627570113e+00
3.807800522313354308e-01 4.278107435549927118e-01 -7.914375580415750733e+00
3.881747901988008009e-01 5.174348173545871177e+00 -1.448438299584848377e+00
3.881747901988008009e-01 5.174348173545871177e+00 -1.448438299584848377e+00
3.914365479669653092e-01 5.593635477597823424e+00 -5.583970115677916013e+00
3.810982561520328549e-01 6.497370271981813161e+00 -6.486712487466096633e+00
4.324715113059977578e-01 -4.090863228364957749e+00 -3.400663721474840084e+00
4.221332194910653035e-01 -3.187128433980968012e+00 -4.303406093263022925e+00
4.153748893649947815e-01 4.205453192881794422e+00 -7.914017188194618413e+00
4.703281062078216723e-01 1.060665250137944327e-01 -7.535837145346775401e+00
4.703281062078216723e-01 1.060665250137944327e-01 -7.535837145346775401e+00
