1 -4 2
-11 7 0
-11 7 0
-19 10 1
0 0 0
3 -2 0
-21 9 2
-18 7 2
-11 0 3
-11 0 3
-12 8 0
-9 6 0
-2 -1 1
-6 4 0
1 -3 1
-27 13 2
-20 6 3
-24 11 2
-17 4 3
-10 -3 4
-14 2 3
-7 -5 4
-14 7 1
-18 12 0
9 -18 5
-7 0 2
-11 5 1
-4 -2 2
-8 3 1
-1 -4 2
-12 8 0
-5 1 1
1 2 -1
8 -5 0
4 0 -1
15 -12 1
11 -7 0
7 -2 -1
18 -14 1
18 -14 1
14 -9 0
-23 8 3
-16 1 4
-13 -1 4
-6 -8 5
-3 -10 5
-16 6 2
-20 11 1
-13 4 2
-17 9 1
-6 -3 3
-10 2 2
-3 -5 3
0 -7 3
-4 3 0
-1 1 0
-5 6 -1
6 -6 1
2 -1 0
13 -13 2
-2 4 -1
9 -8 1
20 -20 3
5 -3 0
16 -15 2
12 -10 1
-19 3 4
-12 -4 5
-9 -6 5
-22 10 2
1 -15 6
-15 3 3
-19 8 2
-23 13 1
-12 1 3
-9 -1 3
-2 -8 4
1 -10 4
4 -12 4
-6 2 1
-10 7 0
1 -5 2
-3 0 1
-7 5 0
4 -7 2
0 -2 1
7 -9 2
3 -4 1
14 -16 3
10 -11 2
17 -18 3
12 -5 -1
19 -12 0
12 -5 -1
15 -7 -1
-21 7 3
-25 12 2
-18 5 3
-11 -2 4
-8 -4 4
-5 -6 4
2 -13 5
5 -15 5
-15 8 1
9 -20 6
-12 6 1
-16 11 0
-5 -1 2
-9 4 1
-13 9 0
-2 -3 2
5 -10 3
8 -12 3
15 -19 4
11 -14 3
7 -4 0
3 1 -1
14 -11 1
10 -6 0
6 -1 -1
17 -13 1
13 -8 0
9 -3 -1
20 -15 1
16 -10 0
-24 9 3
-17 2 4
-14 0 4
-7 -7 5
-4 -9 5
-1 -11 5
-21 12 1
-14 5 2
-18 10 1
6 -18 6
-11 3 2
-4 -4 3
-8 1 2
-1 -6 3
6 -13 4
2 -8 3
9 -15 4
12 -17 4
-2 2 0
-6 7 -1
5 -5 1
1 0 0
12 -12 2
-3 5 -1
8 -7 1
4 -2 0
15 -14 2
0 3 -1
11 -9 1
22 -21 3
18 -16 2
21 -18 2
-20 4 4
-13 -3 5
-10 -5 5
-20 9 2
-24 14 1
-13 2 3
-17 7 2
-10 0 3
-3 -7 4
-7 -2 3
0 -9 4
7 -16 5
3 -11 4
-11 8 0
-4 1 1
-8 6 0
3 -6 2
-1 -1 1
-5 4 0
6 -8 2
-9 9 -1
2 -3 1
-9 9 -1
13 -15 3
9 -10 2
16 -17 3
19 -19 3
11 -4 -1
14 -6 -1
21 -13 0
-26 13 2
-19 6 3
-23 11 2
-12 -1 4
2 -15 6
-16 4 3
-9 -3 4
-6 -5 4
1 -12 5
4 -14 5
-13 7 1
-17 12 0
-6 0 2
-10 5 1
-14 10 0
-3 -2 2
-7 3 1
4 -9 3
0 -4 2
7 -11 3
14 -18 4
10 -13 3
17 -20 4
-9 9 -1
2 2 -1
13 -10 1
9 -5 0
5 0 -1
16 -12 1
12 -7 0
23 -19 2
8 -2 -1
19 -14 1
15 -9 0
26 -21 2
11 -4 -1
22 -16 1
18 -11 0
18 -11 0
-25 10 3
-18 3 4
-22 8 3
-15 1 4
-8 -6 5
-5 -8 5
-2 -10 5
-19 11 1
4 -14 5
-12 4 2
-16 9 1
-5 -3 3
8 -19 6
-9 2 2
-2 -5 3
5 -12 4
1 -7 3
8 -14 4
11 -16 4
4 -4 1
0 1 0
11 -11 2
-4 6 -1
7 -6 1
3 -1 0
14 -13 2
-1 4 -1
10 -8 1
6 -3 0
17 -15 2
24 -22 3
20 -17 2
-14 -2 5
-11 -4 5
-1 -13 6
-21 10 2
4 -16 6
-18 8 2
-22 13 1
-11 1 3
-15 6 2
-8 -1 3
-1 -8 4
2 -10 4
9 -17 5
12 -19 5
-13 12 -1
-9 7 0
-2 0 1
-6 5 0
5 -7 2
-10 10 -1
1 -2 1
-3 3 0
8 -9 2
-7 8 -1
15 -16 3
18 -18 3
21 -20 3
13 -5 -1
20 -12 0
13 -5 -1
16 -7 -1
-20 7 3
-24 12 2
0 -16 7
-17 5 3
-10 -2 4
-14 3 3
-7 -4 4
0 -11 5
-4 -6 4
3 -13 5
6 -15 5
-11 6 1
-15 11 0
-4 -1 2
-8 4 1
-12 9 0
-1 -3 2
-5 2 1
6 -10 3
2 -5 2
9 -12 3
16 -19 4
12 -14 3
-10 10 -1
19 -21 4
-7 8 -1
8 -4 0
4 1 -1
15 -11 1
11 -6 0
22 -18 2
7 -1 -1
18 -13 1
14 -8 0
25 -20 2
10 -3 -1
21 -15 1
17 -10 0
24 -17 1
17 -10 0
-23 9 3
-27 14 2
-16 2 4
-13 0 4
-6 -7 5
-3 -9 5
-17 10 1
7 -18 6
-10 3 2
-14 8 1
-3 -4 3
10 -20 6
-7 1 2
0 -6 3
7 -13 4
3 -8 3
10 -15 4
13 -17 4
-1 2 0
-5 7 -1
6 -5 1
2 0 0
-2 5 -1
9 -7 1
5 -2 0
16 -14 2
1 3 -1
12 -9 1
19 -16 2
-2 10 -3
-19 4 4
-16 2 4
-12 -3 5
-9 -5 5
-16 7 2
-20 12 1
-9 0 3
5 -14 5
-13 5 2
-2 -7 4
-6 -2 3
1 -9 4
4 -11 4
11 -18 5
-15 11 0
-11 11 -1
-7 6 0
17 -22 5
0 -1 1
-4 4 0
7 -8 2
-8 9 -1
3 -3 1
10 -10 2
17 -17 3
13 -12 2
20 -19 3
23 -21 3
26 -23 3
19 -11 0
15 -6 -1
-12 -3 5
-18 6 3
-22 11 2
2 -17 7
-15 4 3
-19 9 2
-8 -3 4
-23 14 1
-12 2 3
-5 -5 4
2 -12 5
5 -14 5
8 -16 5
-9 5 1
-13 10 0
-2 -2 2
-6 3 1
-10 8 0
1 -4 2
15 -18 4
-3 1 1
8 -11 3
4 -6 2
11 -13 3
18 -20 4
14 -15 3
-7 11 -2
-5 7 -1
3 2 -1
14 -10 1
10 -5 0
6 0 -1
17 -12 1
13 -7 0
9 -2 -1
20 -14 1
16 -9 0
27 -21 2
12 -4 -1
23 -16 1
26 -18 1
26 -18 1
19 -11 0
22 -13 0
-21 8 3
-25 13 2
-14 1 4
-11 -1 4
-4 -8 5
-1 -10 5
-15 9 1
9 -19 6
-8 2 2
-12 7 1
-1 -5 3
-16 12 0
-5 0 2
2 -7 3
9 -14 4
5 -9 3
12 -16 4
15 -18 4
1 1 0
-3 6 -1
8 -6 1
4 -1 0
0 4 -1
11 -8 1
7 -3 0
18 -15 2
21 -17 2
24 -19 2
-20 5 4
-17 3 4
-24 10 3
-24 10 3
-13 -2 5
-17 3 4
-10 -4 5
-7 -6 5
-14 6 2
-18 11 1
-7 -1 3
7 -15 5
-11 4 2
0 -8 4
-4 -3 3
3 -10 4
6 -12 4
-13 10 0
-1 0 1
-5 5 0
-9 10 -1
2 -2 1
-2 3 0
9 -9 2
-6 8 -1
5 -4 1
12 -11 2
19 -18 3
15 -13 2
22 -20 3
25 -22 3
0 9 -3
18 -10 0
14 -5 -1
21 -12 0
-20 10 2
4 -18 7
-13 3 3
-17 8 2
-6 -4 4
-21 13 1
-10 1 3
-3 -6 4
4 -13 5
7 -15 5
10 -17 5
-15 14 -1
-7 4 1
-11 9 0
0 -3 2
13 -19 5
-4 2 1
-8 7 0
3 -5 2
17 -19 4
10 -12 3
6 -7 2
13 -14 3
16 -16 3
-5 10 -2
-3 6 -1
9 -4 0
5 1 -1
12 -6 0
8 -1 -1
19 -13 1
15 -8 0
11 -3 -1
22 -15 1
25 -17 1
18 -10 0
-19 7 3
-23 12 2
-12 0 4
-16 5 3
-5 -7 5
-9 -2 4
-2 -9 5
1 -11 5
-17 13 0
12 -18 5
-6 1 2
-10 6 1
1 -6 3
-14 11 0
-3 -1 2
4 -8 3
11 -15 4
7 -10 3
14 -17 4
17 -19 4
-8 12 -2
-4 7 -1
3 0 0
-1 5 -1
10 -7 1
6 -2 0
2 3 -1
13 -9 1
20 -16 2
16 -11 1
23 -18 2
26 -20 2
29 -22 2
-11 -3 5
-18 4 4
-15 2 4
-22 9 3
-11 -3 5
-15 2 4
-8 -5 5
-12 5 2
-16 10 1
-5 -2 3
9 -16 5
-9 3 2
2 -9 4
-13 8 1
-2 -4 3
5 -11 4
8 -13 4
-3 4 0
-7 9 -1
4 -3 1
0 2 0
11 -10 2
7 -5 1
14 -12 2
17 -14 2
24 -21 3
-2 8 -2
2 8 -3
13 -4 -1
16 -6 -1
-14 -1 5
-11 2 3
-15 7 2
-4 -5 4
-19 12 1
-8 0 3
-1 -7 4
6 -14 5
9 -16 5
12 -18 5
-9 8 0
15 -20 5
-2 1 1
-6 6 0
5 -6 2
-10 11 -1
1 -1 1
12 -13 3
8 -8 2
15 -15 3
18 -17 3
21 -19 3
4 2 -1
11 -5 0
7 0 -1
3 5 -2
14 -7 0
10 -2 -1
21 -14 1
17 -9 0
24 -16 1
20 -11 0
27 -18 1
-13 1 4
-17 6 3
-21 11 2
-10 -1 4
-14 4 3
-3 -8 5
-18 9 2
-7 -3 4
-22 14 1
0 -10 5
3 -12 5
-15 12 0
-4 0 2
-8 5 1
-12 10 0
-1 -2 2
-5 3 1
6 -9 3
2 -4 2
9 -11 3
16 -18 4
19 -20 4
-6 11 -2
-2 6 -1
-2 6 -1
5 -1 0
1 4 -1
12 -8 1
8 -3 0
15 -10 1
22 -17 2
18 -12 1
25 -19 2
28 -21 2
-19 5 4
-16 3 4
-16 3 4
-20 8 3
-9 -4 5
-24 13 2
-6 -6 5
-14 9 1
-3 -3 3
11 -17 5
-7 2 2
4 -10 4
-11 7 1
0 -5 3
7 -12 4
3 -7 3
10 -14 4
13 -16 4
-1 3 0
-5 8 -1
6 -4 1
2 1 0
9 -6 1
16 -13 2
19 -15 2
0 7 -2
-12 -2 5
-12 -2 5
-9 -4 5
-9 1 3
-13 6 2
-2 -6 4
-17 11 1
-6 -1 3
-10 4 2
1 -8 4
11 -17 5
11 -17 5
0 0 1
-4 5 0
7 -7 2
3 -2 1
10 -9 2
17 -16 3
13 -11 2
20 -18 3
23 -20 3
26 -22 3
6 1 -1
13 -6 0
9 -1 -1
16 -8 0
12 -3 -1
19 -10 0
15 -5 -1
26 -17 1
22 -12 0
-11 0 4
-15 5 3
-19 10 2
-8 -2 4
-12 3 3
-1 -9 5
-16 8 2
-5 -4 4
-20 13 1
2 -11 5
5 -13 5
8 -15 5
-6 4 1
-10 9 0
1 -3 2
-3 2 1
8 -10 3
-7 7 0
4 -5 2
11 -12 3
14 -14 3
-7 12 -2
-4 10 -2
7 -2 0
3 3 -1
14 -9 1
10 -4 0
17 -11 1
20 -13 1
23 -15 1
-14 2 4
-18 7 3
-7 -5 5
-4 -7 5
-5 1 2
-9 6 1
2 -6 3
-2 -1 2
-13 11 0
9 -13 4
5 -8 3
12 -15 4
15 -17 4
18 -19 4
1 2 0
-3 7 -1
4 0 0
0 5 -1
11 -7 1
21 -16 2
24 -18 2
27 -20 2
-13 -1 5
-10 -3 5
-17 4 4
-10 -3 5
0 -7 4
-11 5 2
-4 -2 3
-15 10 1
-8 3 2
3 -9 4
-1 -4 3
-12 8 1
6 -11 4
-2 4 0
5 -3 1
12 -10 2
8 -5 1
15 -12 2
18 -14 2
25 -21 3
1 7 -2
11 -2 -1
14 -4 -1
21 -11 0
-9 -1 4
-13 4 3
-6 -3 4
-10 2 3
1 -10 5
-3 -5 4
-14 7 2
-7 0 3
-18 12 1
4 -12 5
7 -14 5
6 -6 2
2 -1 1
13 -13 3
9 -8 2
16 -15 3
19 -17 3
22 -19 3
5 2 -1
12 -5 0
8 0 -1
15 -7 0
22 -14 1
18 -9 0
25 -16 1
-12 1 4
-16 6 3
-16 6 3
-5 -6 5
-2 -8 5
7 -9 3
3 -4 2
14 -16 4
10 -11 3
20 -20 4
20 -20 4
9 -3 0
16 -10 1
19 -12 1
26 -19 2
29 -21 2
1 -5 3
8 -12 4
4 -7 3
11 -14 4
14 -16 4
13 -8 1
13 -8 1
20 -15 2
23 -17 2
-1 -6 4
2 -8 4
21 -18 3
13 -15 4
13 -15 4
